0.0000e+00 -1.0235e-02
0.0000e+00 -1.0235e-02
9.0000e+00 -2.4815e+00
1.2000e+01 -2.7372e+00
2.3000e+01 -1.9711e+00
2.5000e+01 -2.0839e+00
2.6000e+01 -2.2349e+00
3.6000e+01 -4.4804e+00
3.7000e+01 -4.5228e+00
4.5000e+01 -4.8651e+00
5.1000e+01 -4.6615e+00
5.2000e+01 -4.4822e+00
5.6000e+01 -3.8066e+00
6.7000e+01 -5.3854e+00
6.7000e+01 -5.3854e+00
8.3000e+01 -5.7138e+00
9.2000e+01 -6.6951e+00
9.3000e+01 -6.6816e+00
1.0000e+02 -5.8020e+00
1.0200e+02 -5.6804e+00
1.0200e+02 -5.6804e+00
1.1200e+02 -5.5983e+00
1.2700e+02 -6.0916e+00
1.4100e+02 -4.8426e+00
1.4300e+02 -4.5800e+00
1.4400e+02 -4.5213e+00
1.5200e+02 -4.2702e+00
1.5800e+02 -3.0722e+00
1.6300e+02 -3.4748e+00
1.6500e+02 -3.9957e+00
1.7000e+02 -4.8042e+00
1.7200e+02 -4.6802e+00
1.7400e+02 -4.3317e+00
1.7700e+02 -3.6037e+00
1.9000e+02 -3.1580e+00
1.9000e+02 -3.1580e+00
1.9800e+02 -2.7076e+00
2.0500e+02 -1.2174e+00
2.0700e+02 -1.0018e+00
2.1300e+02 -6.5862e-02
2.1300e+02 -6.5862e-02
2.1400e+02 1.3469e-01
2.2200e+02 3.0410e-02
2.2200e+02 3.0410e-02
2.2300e+02 -2.4469e-01
2.2800e+02 -1.7825e+00
2.2900e+02 -2.0530e+00
2.3400e+02 -3.0177e+00
2.4800e+02 -2.6366e+00
2.5500e+02 -3.6525e+00
2.5700e+02 -3.6455e+00
2.6400e+02 -3.5569e+00
2.6400e+02 -3.5569e+00
2.7000e+02 -3.9337e+00
2.7100e+02 -3.8197e+00
2.7800e+02 -1.8351e+00
2.7800e+02 -1.8351e+00
2.7900e+02 -1.6073e+00
2.8700e+02 -1.4553e+00
2.8800e+02 -1.5062e+00
2.9400e+02 -1.7012e+00
2.9700e+02 -1.8788e+00
2.9900e+02 -2.0579e+00
3.0200e+02 -2.4002e+00
3.0400e+02 -2.6637e+00
3.0900e+02 -3.2813e+00
3.1500e+02 -3.3441e+00
3.4700e+02 -3.7548e+00
3.4800e+02 -3.9700e+00
3.5100e+02 -4.6385e+00
3.5200e+02 -4.8195e+00
3.5400e+02 -5.0340e+00
3.6100e+02 -4.1085e+00
3.6500e+02 -3.7561e+00
3.6700e+02 -3.9773e+00
3.7200e+02 -5.1039e+00
3.7500e+02 -5.6052e+00
3.8800e+02 -7.0396e+00
3.9200e+02 -6.9674e+00
3.9400e+02 -6.8642e+00
