0.0000e+00 -1.0235e-02
1.0000e+00 -3.0653e-01
2.0000e+00 -6.2895e-01
3.0000e+00 -9.6157e-01
4.0000e+00 -1.2888e+00
5.0000e+00 -1.5972e+00
6.0000e+00 -1.8760e+00
7.0000e+00 -2.1182e+00
8.0000e+00 -2.3203e+00
9.0000e+00 -2.4815e+00
1.0000e+01 -2.6032e+00
1.1000e+01 -2.6876e+00
1.2000e+01 -2.7372e+00
1.3000e+01 -2.7541e+00
1.4000e+01 -2.7400e+00
1.5000e+01 -2.6964e+00
1.6000e+01 -2.6255e+00
1.7000e+01 -2.5309e+00
1.8000e+01 -2.4186e+00
1.9000e+01 -2.2971e+00
2.0000e+01 -2.1779e+00
2.1000e+01 -2.0743e+00
2.2000e+01 -2.0008e+00
2.3000e+01 -1.9711e+00
2.4000e+01 -1.9965e+00
2.5000e+01 -2.0839e+00
2.6000e+01 -2.2349e+00
2.7000e+01 -2.4448e+00
2.8000e+01 -2.7028e+00
2.9000e+01 -2.9929e+00
3.0000e+01 -3.2961e+00
3.1000e+01 -3.5920e+00
3.2000e+01 -3.8622e+00
3.3000e+01 -4.0919e+00
3.4000e+01 -4.2720e+00
3.5000e+01 -4.4001e+00
3.6000e+01 -4.4804e+00
3.7000e+01 -4.5228e+00
3.8000e+01 -4.5409e+00
3.9000e+01 -4.5497e+00
4.0000e+01 -4.5631e+00
4.1000e+01 -4.5914e+00
4.2000e+01 -4.6396e+00
4.3000e+01 -4.7067e+00
4.4000e+01 -4.7858e+00
4.5000e+01 -4.8651e+00
4.6000e+01 -4.9304e+00
4.7000e+01 -4.9671e+00
4.8000e+01 -4.9631e+00
4.9000e+01 -4.9106e+00
5.0000e+01 -4.8083e+00
5.1000e+01 -4.6615e+00
5.2000e+01 -4.4822e+00
5.3000e+01 -4.2871e+00
5.4000e+01 -4.0963e+00
5.5000e+01 -3.9300e+00
5.6000e+01 -3.8066e+00
5.7000e+01 -3.7399e+00
5.8000e+01 -3.7380e+00
5.9000e+01 -3.8022e+00
6.0000e+01 -3.9273e+00
6.1000e+01 -4.1028e+00
6.2000e+01 -4.3144e+00
6.3000e+01 -4.5457e+00
6.4000e+01 -4.7810e+00
6.5000e+01 -5.0059e+00
6.6000e+01 -5.2098e+00
6.7000e+01 -5.3854e+00
6.8000e+01 -5.5293e+00
6.9000e+01 -5.6413e+00
7.0000e+01 -5.7237e+00
7.1000e+01 -5.7797e+00
7.2000e+01 -5.8134e+00
7.3000e+01 -5.8281e+00
7.4000e+01 -5.8271e+00
7.5000e+01 -5.8130e+00
7.6000e+01 -5.7884e+00
7.7000e+01 -5.7566e+00
7.8000e+01 -5.7217e+00
7.9000e+01 -5.6890e+00
8.0000e+01 -5.6651e+00
8.1000e+01 -5.6570e+00
8.2000e+01 -5.6715e+00
8.3000e+01 -5.7138e+00
8.4000e+01 -5.7870e+00
8.5000e+01 -5.8902e+00
8.6000e+01 -6.0189e+00
8.7000e+01 -6.1646e+00
8.8000e+01 -6.3153e+00
8.9000e+01 -6.4571e+00
9.0000e+01 -6.5757e+00
9.1000e+01 -6.6582e+00
9.2000e+01 -6.6951e+00
9.3000e+01 -6.6816e+00
9.4000e+01 -6.6185e+00
9.5000e+01 -6.5121e+00
9.6000e+01 -6.3736e+00
9.7000e+01 -6.2177e+00
9.8000e+01 -6.0606e+00
9.9000e+01 -5.9177e+00
1.0000e+02 -5.8020e+00
1.0100e+02 -5.7219e+00
1.0200e+02 -5.6804e+00
1.0300e+02 -5.6751e+00
1.0400e+02 -5.6982e+00
1.0500e+02 -5.7387e+00
1.0600e+02 -5.7832e+00
1.0700e+02 -5.8185e+00
1.0800e+02 -5.8332e+00
1.0900e+02 -5.8197e+00
1.1000e+02 -5.7743e+00
1.1100e+02 -5.6986e+00
1.1200e+02 -5.5983e+00
1.1300e+02 -5.4825e+00
1.1400e+02 -5.3626e+00
1.1500e+02 -5.2505e+00
1.1600e+02 -5.1572e+00
1.1700e+02 -5.0921e+00
1.1800e+02 -5.0613e+00
1.1900e+02 -5.0683e+00
1.2000e+02 -5.1134e+00
1.2100e+02 -5.1940e+00
1.2200e+02 -5.3058e+00
1.2300e+02 -5.4427e+00
1.2400e+02 -5.5977e+00
1.2500e+02 -5.7630e+00
1.2600e+02 -5.9305e+00
1.2700e+02 -6.0916e+00
1.2800e+02 -6.2376e+00
1.2900e+02 -6.3594e+00
1.3000e+02 -6.4483e+00
1.3100e+02 -6.4962e+00
1.3200e+02 -6.4965e+00
1.3300e+02 -6.4450e+00
1.3400e+02 -6.3408e+00
1.3500e+02 -6.1866e+00
1.3600e+02 -5.9898e+00
1.3700e+02 -5.7615e+00
1.3800e+02 -5.5161e+00
1.3900e+02 -5.2703e+00
1.4000e+02 -5.0408e+00
1.4100e+02 -4.8426e+00
1.4200e+02 -4.6870e+00
1.4300e+02 -4.5800e+00
1.4400e+02 -4.5213e+00
1.4500e+02 -4.5043e+00
1.4600e+02 -4.5163e+00
1.4700e+02 -4.5408e+00
1.4800e+02 -4.5590e+00
1.4900e+02 -4.5529e+00
1.5000e+02 -4.5077e+00
1.5100e+02 -4.4141e+00
1.5200e+02 -4.2702e+00
1.5300e+02 -4.0814e+00
1.5400e+02 -3.8608e+00
1.5500e+02 -3.6272e+00
1.5600e+02 -3.4029e+00
1.5700e+02 -3.2109e+00
1.5800e+02 -3.0722e+00
1.5900e+02 -3.0026e+00
1.6000e+02 -3.0112e+00
1.6100e+02 -3.0988e+00
1.6200e+02 -3.2582e+00
1.6300e+02 -3.4748e+00
1.6400e+02 -3.7284e+00
1.6500e+02 -3.9957e+00
1.6600e+02 -4.2527e+00
1.6700e+02 -4.4775e+00
1.6800e+02 -4.6517e+00
1.6900e+02 -4.7629e+00
1.7000e+02 -4.8042e+00
1.7100e+02 -4.7751e+00
1.7200e+02 -4.6802e+00
1.7300e+02 -4.5285e+00
1.7400e+02 -4.3317e+00
1.7500e+02 -4.1029e+00
1.7600e+02 -3.8559e+00
1.7700e+02 -3.6037e+00
1.7800e+02 -3.3586e+00
1.7900e+02 -3.1313e+00
1.8000e+02 -2.9315e+00
1.8100e+02 -2.7673e+00
1.8200e+02 -2.6451e+00
1.8300e+02 -2.5697e+00
1.8400e+02 -2.5435e+00
1.8500e+02 -2.5661e+00
1.8600e+02 -2.6338e+00
1.8700e+02 -2.7392e+00
1.8800e+02 -2.8714e+00
1.8900e+02 -3.0164e+00
1.9000e+02 -3.1580e+00
1.9100e+02 -3.2791e+00
1.9200e+02 -3.3638e+00
1.9300e+02 -3.3986e+00
1.9400e+02 -3.3745e+00
1.9500e+02 -3.2880e+00
1.9600e+02 -3.1416e+00
1.9700e+02 -2.9438e+00
1.9800e+02 -2.7076e+00
1.9900e+02 -2.4496e+00
2.0000e+02 -2.1869e+00
2.0100e+02 -1.9356e+00
2.0200e+02 -1.7083e+00
2.0300e+02 -1.5126e+00
2.0400e+02 -1.3503e+00
2.0500e+02 -1.2174e+00
2.0600e+02 -1.1052e+00
2.0700e+02 -1.0018e+00
2.0800e+02 -8.9463e-01
2.0900e+02 -7.7256e-01
2.1000e+02 -6.2808e-01
2.1100e+02 -4.5881e-01
2.1200e+02 -2.6832e-01
2.1300e+02 -6.5862e-02
2.1400e+02 1.3469e-01
2.1500e+02 3.1661e-01
2.1600e+02 4.6258e-01
2.1700e+02 5.5698e-01
2.1800e+02 5.8792e-01
2.1900e+02 5.4872e-01
2.2000e+02 4.3862e-01
2.2100e+02 2.6257e-01
2.2200e+02 3.0410e-02
2.2300e+02 -2.4469e-01
2.2400e+02 -5.4798e-01
2.2500e+02 -8.6491e-01
2.2600e+02 -1.1826e+00
2.2700e+02 -1.4909e+00
2.2800e+02 -1.7825e+00
2.2900e+02 -2.0530e+00
2.3000e+02 -2.2999e+00
2.3100e+02 -2.5216e+00
2.3200e+02 -2.7167e+00
2.3300e+02 -2.8831e+00
2.3400e+02 -3.0177e+00
2.3500e+02 -3.1165e+00
2.3600e+02 -3.1757e+00
2.3700e+02 -3.1926e+00
2.3800e+02 -3.1665e+00
2.3900e+02 -3.1006e+00
2.4000e+02 -3.0017e+00
2.4100e+02 -2.8809e+00
2.4200e+02 -2.7527e+00
2.4300e+02 -2.6335e+00
2.4400e+02 -2.5397e+00
2.4500e+02 -2.4859e+00
2.4600e+02 -2.4823e+00
2.4700e+02 -2.5333e+00
2.4800e+02 -2.6366e+00
2.4900e+02 -2.7834e+00
2.5000e+02 -2.9592e+00
2.5100e+02 -3.1458e+00
2.5200e+02 -3.3240e+00
2.5300e+02 -3.4759e+00
2.5400e+02 -3.5879e+00
2.5500e+02 -3.6525e+00
2.5600e+02 -3.6694e+00
2.5700e+02 -3.6455e+00
2.5800e+02 -3.5935e+00
2.5900e+02 -3.5303e+00
2.6000e+02 -3.4738e+00
2.6100e+02 -3.4400e+00
2.6200e+02 -3.4404e+00
2.6300e+02 -3.4802e+00
2.6400e+02 -3.5569e+00
2.6500e+02 -3.6602e+00
2.6600e+02 -3.7742e+00
2.6700e+02 -3.8785e+00
2.6800e+02 -3.9520e+00
2.6900e+02 -3.9752e+00
2.7000e+02 -3.9337e+00
2.7100e+02 -3.8197e+00
2.7200e+02 -3.6336e+00
2.7300e+02 -3.3838e+00
2.7400e+02 -3.0856e+00
2.7500e+02 -2.7594e+00
2.7600e+02 -2.4279e+00
2.7700e+02 -2.1133e+00
2.7800e+02 -1.8351e+00
2.7900e+02 -1.6073e+00
2.8000e+02 -1.4381e+00
2.8100e+02 -1.3287e+00
2.8200e+02 -1.2747e+00
2.8300e+02 -1.2669e+00
2.8400e+02 -1.2933e+00
2.8500e+02 -1.3410e+00
2.8600e+02 -1.3982e+00
2.8700e+02 -1.4553e+00
2.8800e+02 -1.5062e+00
2.8900e+02 -1.5481e+00
2.9000e+02 -1.5815e+00
2.9100e+02 -1.6091e+00
2.9200e+02 -1.6353e+00
2.9300e+02 -1.6646e+00
2.9400e+02 -1.7012e+00
2.9500e+02 -1.7481e+00
2.9600e+02 -1.8072e+00
2.9700e+02 -1.8788e+00
2.9800e+02 -1.9627e+00
2.9900e+02 -2.0579e+00
3.0000e+02 -2.1633e+00
3.0100e+02 -2.2777e+00
3.0200e+02 -2.4002e+00
3.0300e+02 -2.5295e+00
3.0400e+02 -2.6637e+00
3.0500e+02 -2.8004e+00
3.0600e+02 -2.9358e+00
3.0700e+02 -3.0650e+00
3.0800e+02 -3.1822e+00
3.0900e+02 -3.2813e+00
3.1000e+02 -3.3569e+00
3.1100e+02 -3.4049e+00
3.1200e+02 -3.4240e+00
3.1300e+02 -3.4160e+00
3.1400e+02 -3.3864e+00
3.1500e+02 -3.3441e+00
3.1600e+02 -3.3008e+00
3.1700e+02 -3.2698e+00
3.1800e+02 -3.2642e+00
3.1900e+02 -3.2952e+00
3.2000e+02 -3.3707e+00
3.2100e+02 -3.4936e+00
3.2200e+02 -3.6613e+00
3.2300e+02 -3.8655e+00
3.2400e+02 -4.0932e+00
3.2500e+02 -4.3275e+00
3.2600e+02 -4.5500e+00
3.2700e+02 -4.7422e+00
3.2800e+02 -4.8883e+00
3.2900e+02 -4.9761e+00
3.3000e+02 -4.9988e+00
3.3100e+02 -4.9555e+00
3.3200e+02 -4.8504e+00
3.3300e+02 -4.6931e+00
3.3400e+02 -4.4966e+00
3.3500e+02 -4.2761e+00
3.3600e+02 -4.0475e+00
3.3700e+02 -3.8260e+00
3.3800e+02 -3.6251e+00
3.3900e+02 -3.4559e+00
3.4000e+02 -3.3271e+00
3.4100e+02 -3.2443e+00
3.4200e+02 -3.2110e+00
3.4300e+02 -3.2283e+00
3.4400e+02 -3.2953e+00
3.4500e+02 -3.4090e+00
3.4600e+02 -3.5646e+00
3.4700e+02 -3.7548e+00
3.4800e+02 -3.9700e+00
3.4900e+02 -4.1985e+00
3.5000e+02 -4.4264e+00
3.5100e+02 -4.6385e+00
3.5200e+02 -4.8195e+00
3.5300e+02 -4.9552e+00
3.5400e+02 -5.0340e+00
3.5500e+02 -5.0488e+00
3.5600e+02 -4.9977e+00
3.5700e+02 -4.8852e+00
3.5800e+02 -4.7220e+00
3.5900e+02 -4.5243e+00
3.6000e+02 -4.3123e+00
3.6100e+02 -4.1085e+00
3.6200e+02 -3.9346e+00
3.6300e+02 -3.8097e+00
3.6400e+02 -3.7477e+00
3.6500e+02 -3.7561e+00
3.6600e+02 -3.8349e+00
3.6700e+02 -3.9773e+00
3.6800e+02 -4.1704e+00
3.6900e+02 -4.3974e+00
3.7000e+02 -4.6398e+00
3.7100e+02 -4.8802e+00
3.7200e+02 -5.1039e+00
3.7300e+02 -5.3012e+00
3.7400e+02 -5.4679e+00
3.7500e+02 -5.6052e+00
3.7600e+02 -5.7190e+00
3.7700e+02 -5.8183e+00
3.7800e+02 -5.9131e+00
3.7900e+02 -6.0124e+00
3.8000e+02 -6.1228e+00
3.8100e+02 -6.2469e+00
3.8200e+02 -6.3832e+00
3.8300e+02 -6.5261e+00
3.8400e+02 -6.6675e+00
3.8500e+02 -6.7976e+00
3.8600e+02 -6.9073e+00
3.8700e+02 -6.9894e+00
3.8800e+02 -7.0396e+00
3.8900e+02 -7.0577e+00
3.9000e+02 -7.0471e+00
3.9100e+02 -7.0143e+00
3.9200e+02 -6.9674e+00
3.9300e+02 -6.9149e+00
3.9400e+02 -6.8642e+00
3.9500e+02 -6.8204e+00
3.9600e+02 -6.7857e+00
3.9700e+02 -6.7591e+00
3.9800e+02 -6.7373e+00
3.9900e+02 -6.7156e+00
